0000   f0 18 98 59 ae 32 2c d0 2d 89 e8 20 08 00 45 00  
0010   01 4c 00 00 00 00 ff 11 b3 d6 02 02 02 02 84 e3   
0020   7d e3 00 43 00 44 01 38 5d 11 02 01 06 00 8f e9   
0030   dc 0f 00 00 00 00 84 e3 7d e3 84 e3 7d e3 00 00   
0040   00 00 00 00 00 00 f0 18 98 59 ae 32 00 00 00 00  
0050   00 00 00 00 00 00 00 00 00 00 00 00 00 00 00 00  
0060   00 00 00 00 00 00 00 00 00 00 00 00 00 00 00 00  
0070   00 00 00 00 00 00 00 00 00 00 00 00 00 00 00 00  
0080   00 00 00 00 00 00 00 00 00 00 00 00 00 00 00 00  
0090   00 00 00 00 00 00 00 00 00 00 00 00 00 00 00 00  
00a0   00 00 00 00 00 00 00 00 00 00 00 00 00 00 00 00  
00b0   00 00 00 00 00 00 00 00 00 00 00 00 00 00 00 00   
00c0   00 00 00 00 00 00 00 00 00 00 00 00 00 00 00 00  
00d0   00 00 00 00 00 00 00 00 00 00 00 00 00 00 00 00   
00e0   00 00 00 00 00 00 00 00 00 00 00 00 00 00 00 00  
00f0   00 00 00 00 00 00 00 00 00 00 00 00 00 00 00 00  
0100   00 00 00 00 00 00 00 00 00 00 00 00 00 00 00 00  
0110   00 00 00 00 00 00 63 82 53 63 35 01 05 36 04 02 
0120   02 02 02 33 04 00 00 0e 10 03 04 84 e3 7d fe 06   
0130   08 84 e3 3c 1e 84 e3 3c 02 01 04 ff ff fe 00 00  
0140   00 00 00 00 00 00 00 00 00 00 00 00 00 00 00 00   
0150   00 00 00 00 00 ff 00 00 00 00 ec ce cb 3a 44 00 
0160   0a 6f                                            

0000   ff ff ff ff ff ff f0 18 98 59 ae 32 08 00 45 00  
0010   01 48 e8 6f 00 00 ff 11 d2 35 00 00 00 00 ff ff  
0020   ff ff 00 44 00 43 01 34 54 6f 01 01 06 00 8f e9 
0030   dc 10 00 00 00 00 00 00 00 00 00 00 00 00 00 00  
0040   00 00 00 00 00 00 f0 18 98 59 ae 32 00 00 00 00   
0050   00 00 00 00 00 00 00 00 00 00 00 00 00 00 00 00 
0060   00 00 00 00 00 00 00 00 00 00 00 00 00 00 00 00   
0070   00 00 00 00 00 00 00 00 00 00 00 00 00 00 00 00  
0080   00 00 00 00 00 00 00 00 00 00 00 00 00 00 00 00 
0090   00 00 00 00 00 00 00 00 00 00 00 00 00 00 00 00  
00a0   00 00 00 00 00 00 00 00 00 00 00 00 00 00 00 00  
00b0   00 00 00 00 00 00 00 00 00 00 00 00 00 00 00 00 
00c0   00 00 00 00 00 00 00 00 00 00 00 00 00 00 00 00 
00d0   00 00 00 00 00 00 00 00 00 00 00 00 00 00 00 00  
00e0   00 00 00 00 00 00 00 00 00 00 00 00 00 00 00 00  
00f0   00 00 00 00 00 00 00 00 00 00 00 00 00 00 00 00 
0100   00 00 00 00 00 00 00 00 00 00 00 00 00 00 00 00   
0110   00 00 00 00 00 00 63 82 53 63 35 01 03 37 0a 01   
0120   79 03 06 0f 77 fc 5f 2c 2e 39 02 05 dc 3d 07 01   
0130   f0 18 98 59 ae 32 32 04 84 e3 7d e3 33 04 00 76  
0140   a7 00 0c 0c 4d 61 63 42 6f 6f 6b 2d 50 72 6f 6d   
0150   ff 00 00 00 00 00                               

0000   ff ff ff ff ff ff f0 18 98 59 ae 32 08 00 45 00  
0010   01 48 e8 70 00 00 ff 11 d2 34 00 00 00 00 ff ff  
0020   ff ff 00 44 00 43 01 34 54 6d 01 01 06 00 8f e9   
0030   dc 10 00 02 00 00 00 00 00 00 00 00 00 00 00 00  
0040   00 00 00 00 00 00 f0 18 98 59 ae 32 00 00 00 00  
0050   00 00 00 00 00 00 00 00 00 00 00 00 00 00 00 00  
0060   00 00 00 00 00 00 00 00 00 00 00 00 00 00 00 00  
0070   00 00 00 00 00 00 00 00 00 00 00 00 00 00 00 00  
0080   00 00 00 00 00 00 00 00 00 00 00 00 00 00 00 00  
0090   00 00 00 00 00 00 00 00 00 00 00 00 00 00 00 00  
00a0   00 00 00 00 00 00 00 00 00 00 00 00 00 00 00 00 
00b0   00 00 00 00 00 00 00 00 00 00 00 00 00 00 00 00 
00c0   00 00 00 00 00 00 00 00 00 00 00 00 00 00 00 00 
00d0   00 00 00 00 00 00 00 00 00 00 00 00 00 00 00 00 
00e0   00 00 00 00 00 00 00 00 00 00 00 00 00 00 00 00  
00f0   00 00 00 00 00 00 00 00 00 00 00 00 00 00 00 00  
0100   00 00 00 00 00 00 00 00 00 00 00 00 00 00 00 00  
0110   00 00 00 00 00 00 63 82 53 63 35 01 03 37 0a 01 
0120   79 03 06 0f 77 fc 5f 2c 2e 39 02 05 dc 3d 07 01  
0130   f0 18 98 59 ae 32 32 04 84 e3 7d e3 33 04 00 76  
0140   a7 00 0c 0c 4d 61 63 42 6f 6f 6b 2d 50 72 6f 6d  
0150   ff 00 00 00 00 00                              

0000   f0 18 98 59 ae 32 00 09 0f 09 00 02 08 00 45 10  
0010   01 48 00 00 00 00 10 11 5f 58 0a 40 3f fe ff ff  
0020   ff ff 00 43 00 44 01 34 b1 26 02 01 06 00 8f e9  
0030   dc 10 00 02 80 00 00 00 00 00 00 00 00 00 0a 40  
0040   3f fe 00 00 00 00 f0 18 98 59 ae 32 00 00 00 00  
0050   00 00 00 00 00 00 00 00 00 00 00 00 00 00 00 00  
0060   00 00 00 00 00 00 00 00 00 00 00 00 00 00 00 00  
0070   00 00 00 00 00 00 00 00 00 00 00 00 00 00 00 00   
0080   00 00 00 00 00 00 00 00 00 00 00 00 00 00 00 00  
0090   00 00 00 00 00 00 00 00 00 00 00 00 00 00 00 00  
00a0   00 00 00 00 00 00 00 00 00 00 00 00 00 00 00 00   
00b0   00 00 00 00 00 00 00 00 00 00 00 00 00 00 00 00 
00c0   00 00 00 00 00 00 00 00 00 00 00 00 00 00 00 00  
00d0   00 00 00 00 00 00 00 00 00 00 00 00 00 00 00 00  
00e0   00 00 00 00 00 00 00 00 00 00 00 00 00 00 00 00  
00f0   00 00 00 00 00 00 00 00 00 00 00 00 00 00 00 00   
0100   00 00 00 00 00 00 00 00 00 00 00 00 00 00 00 00  
0110   00 00 00 00 00 00 63 82 53 63 35 01 06 38 1f 72  
0120   65 71 75 65 73 74 65 64 20 61 64 64 72 65 73 73  
0130   20 6e 6f 74 20 61 76 61 69 6c 61 62 6c 65 ff 00    
0140   00 00 00 00 00 00 00 00 00 00 00 00 00 00 00 00  
0150   00 00 00 00 00 00 5d 4e 4c 03 ea a2 39 5a       

0000   ff ff ff ff ff ff f0 18 98 59 ae 32 08 00 45 00  
0010   01 48 e8 71 00 00 ff 11 d2 33 00 00 00 00 ff ff  
0020   ff ff 00 44 00 43 01 34 8b 39 01 01 06 00 8f e9  
0030   dc 11 00 00 00 00 00 00 00 00 00 00 00 00 00 00 
0040   00 00 00 00 00 00 f0 18 98 59 ae 32 00 00 00 00  
0050   00 00 00 00 00 00 00 00 00 00 00 00 00 00 00 00  
0060   00 00 00 00 00 00 00 00 00 00 00 00 00 00 00 00  
0070   00 00 00 00 00 00 00 00 00 00 00 00 00 00 00 00   
0080   00 00 00 00 00 00 00 00 00 00 00 00 00 00 00 00  
0090   00 00 00 00 00 00 00 00 00 00 00 00 00 00 00 00 
00a0   00 00 00 00 00 00 00 00 00 00 00 00 00 00 00 00  
00b0   00 00 00 00 00 00 00 00 00 00 00 00 00 00 00 00  
00c0   00 00 00 00 00 00 00 00 00 00 00 00 00 00 00 00   
00d0   00 00 00 00 00 00 00 00 00 00 00 00 00 00 00 00 
00e0   00 00 00 00 00 00 00 00 00 00 00 00 00 00 00 00  
00f0   00 00 00 00 00 00 00 00 00 00 00 00 00 00 00 00  
0100   00 00 00 00 00 00 00 00 00 00 00 00 00 00 00 00  
0110   00 00 00 00 00 00 63 82 53 63 35 01 01 37 0a 01  
0120   79 03 06 0f 77 fc 5f 2c 2e 39 02 05 dc 3d 07 01  
0130   f0 18 98 59 ae 32 33 04 00 76 a7 00 0c 0c 4d 61 
0140   63 42 6f 6f 6b 2d 50 72 6f 6d ff 00 00 00 00 00  
0150   00 00 00 00 00 00                                 

0000   f0 18 98 59 ae 32 00 09 0f 09 00 02 08 00 45 10  
0010   01 67 00 00 00 00 10 11 52 70 0a 40 3f fe 0a 40   
0020   02 89 00 43 00 44 01 53 da 08 02 01 06 00 8f e9  
0030   dc 11 00 00 00 00 00 00 00 00 0a 40 02 89 00 00  
0040   00 00 00 00 00 00 f0 18 98 59 ae 32 00 00 00 00  
0050   00 00 00 00 00 00 00 00 00 00 00 00 00 00 00 00  
0060   00 00 00 00 00 00 00 00 00 00 00 00 00 00 00 00 
0070   00 00 00 00 00 00 00 00 00 00 00 00 00 00 00 00  
0080   00 00 00 00 00 00 00 00 00 00 00 00 00 00 00 00  
0090   00 00 00 00 00 00 00 00 00 00 00 00 00 00 00 00 
00a0   00 00 00 00 00 00 00 00 00 00 00 00 00 00 00 00 
00b0   00 00 00 00 00 00 00 00 00 00 00 00 00 00 00 00 
00c0   00 00 00 00 00 00 00 00 00 00 00 00 00 00 00 00  
00d0   00 00 00 00 00 00 00 00 00 00 00 00 00 00 00 00  
00e0   00 00 00 00 00 00 00 00 00 00 00 00 00 00 00 00  
00f0   00 00 00 00 00 00 00 00 00 00 00 00 00 00 00 00 
0100   00 00 00 00 00 00 00 00 00 00 00 00 00 00 00 00  
0110   00 00 00 00 00 00 63 82 53 63 35 01 02 36 04 0a  
0120   40 3f fe 33 04 00 00 a8 c0 01 04 ff ff c0 00 03   
0130   04 0a 40 3f fe 06 08 86 9d 00 81 86 9d c0 01 3a   
0140   04 00 00 54 60 3b 04 00 00 93 a8 02 04 00 00 0e  
0150   10 e0 21 46 47 54 33 4b 44 33 5a 31 36 38 30 30  
0160   30 37 34 46 47 54 33 4b 44 33 5a 31 36 38 30 30  
0170   30 37 38 00 ff b4 b8 84 24 b4 b8 b8 13           

0000   ff ff ff ff ff ff f0 18 98 59 ae 32 08 00 45 00  
0010   01 48 e8 72 00 00 ff 11 d2 32 00 00 00 00 ff ff  
0020   ff ff 00 44 00 43 01 34 a4 a2 01 01 06 00 8f e9  
0030   dc 11 00 02 00 00 00 00 00 00 00 00 00 00 00 00 
0040   00 00 00 00 00 00 f0 18 98 59 ae 32 00 00 00 00   
0050   00 00 00 00 00 00 00 00 00 00 00 00 00 00 00 00 
0060   00 00 00 00 00 00 00 00 00 00 00 00 00 00 00 00 
0070   00 00 00 00 00 00 00 00 00 00 00 00 00 00 00 00  
0080   00 00 00 00 00 00 00 00 00 00 00 00 00 00 00 00 
0090   00 00 00 00 00 00 00 00 00 00 00 00 00 00 00 00  
00a0   00 00 00 00 00 00 00 00 00 00 00 00 00 00 00 00  
00b0   00 00 00 00 00 00 00 00 00 00 00 00 00 00 00 00 
00c0   00 00 00 00 00 00 00 00 00 00 00 00 00 00 00 00  
00d0   00 00 00 00 00 00 00 00 00 00 00 00 00 00 00 00  
00e0   00 00 00 00 00 00 00 00 00 00 00 00 00 00 00 00   
00f0   00 00 00 00 00 00 00 00 00 00 00 00 00 00 00 00   
0100   00 00 00 00 00 00 00 00 00 00 00 00 00 00 00 00  
0110   00 00 00 00 00 00 63 82 53 63 35 01 03 37 0a 01 
0120   79 03 06 0f 77 fc 5f 2c 2e 39 02 05 dc 3d 07 01  
0130   f0 18 98 59 ae 32 32 04 0a 40 02 89 36 04 0a 40  
0140   3f fe 0c 0c 4d 61 63 42 6f 6f 6b 2d 50 72 6f 6d  
0150   ff 00 00 00 00 00                                

0000   f0 18 98 59 ae 32 00 09 0f 09 00 02 08 00 45 10  
0010   01 67 00 00 00 00 10 11 52 70 0a 40 3f fe 0a 40  
0020   02 89 00 43 00 44 01 53 d7 06 02 01 06 00 8f e9  
0030   dc 11 00 02 00 00 00 00 00 00 0a 40 02 89 00 00   
0040   00 00 00 00 00 00 f0 18 98 59 ae 32 00 00 00 00  
0050   00 00 00 00 00 00 00 00 00 00 00 00 00 00 00 00  
0060   00 00 00 00 00 00 00 00 00 00 00 00 00 00 00 00   
0070   00 00 00 00 00 00 00 00 00 00 00 00 00 00 00 00  
0080   00 00 00 00 00 00 00 00 00 00 00 00 00 00 00 00  
0090   00 00 00 00 00 00 00 00 00 00 00 00 00 00 00 00  
00a0   00 00 00 00 00 00 00 00 00 00 00 00 00 00 00 00   
00b0   00 00 00 00 00 00 00 00 00 00 00 00 00 00 00 00 
00c0   00 00 00 00 00 00 00 00 00 00 00 00 00 00 00 00  
00d0   00 00 00 00 00 00 00 00 00 00 00 00 00 00 00 00  
00e0   00 00 00 00 00 00 00 00 00 00 00 00 00 00 00 00 
00f0   00 00 00 00 00 00 00 00 00 00 00 00 00 00 00 00  
0100   00 00 00 00 00 00 00 00 00 00 00 00 00 00 00 00 
0110   00 00 00 00 00 00 63 82 53 63 35 01 05 36 04 0a   
0120   40 3f fe 33 04 00 00 a8 c0 01 04 ff ff c0 00 03  
0130   04 0a 40 3f fe 06 08 86 9d 00 81 86 9d c0 01 3a   
0140   04 00 00 54 60 3b 04 00 00 93 a8 02 04 00 00 0e  
0150   10 e0 21 46 47 54 33 4b 44 33 5a 31 36 38 30 30   
0160   30 37 34 46 47 54 33 4b 44 33 5a 31 36 38 30 30   
0170   30 37 38 00 ff b9 53 01 38 c7 fb 1d 37            

0000   ff ff ff ff ff ff f0 18 98 59 ae 32 08 00 45 00   
0010   01 48 e8 73 00 00 ff 11 d2 31 00 00 00 00 ff ff   
0020   ff ff 00 44 00 43 01 34 4a 6b 01 01 06 00 8f e9   
0030   dc 12 00 00 00 00 00 00 00 00 00 00 00 00 00 00   
0040   00 00 00 00 00 00 f0 18 98 59 ae 32 00 00 00 00   
0050   00 00 00 00 00 00 00 00 00 00 00 00 00 00 00 00   
0060   00 00 00 00 00 00 00 00 00 00 00 00 00 00 00 00   
0070   00 00 00 00 00 00 00 00 00 00 00 00 00 00 00 00   
0080   00 00 00 00 00 00 00 00 00 00 00 00 00 00 00 00  
0090   00 00 00 00 00 00 00 00 00 00 00 00 00 00 00 00   
00a0   00 00 00 00 00 00 00 00 00 00 00 00 00 00 00 00   
00b0   00 00 00 00 00 00 00 00 00 00 00 00 00 00 00 00   
00c0   00 00 00 00 00 00 00 00 00 00 00 00 00 00 00 00  
00d0   00 00 00 00 00 00 00 00 00 00 00 00 00 00 00 00   
00e0   00 00 00 00 00 00 00 00 00 00 00 00 00 00 00 00   
00f0   00 00 00 00 00 00 00 00 00 00 00 00 00 00 00 00   
0100   00 00 00 00 00 00 00 00 00 00 00 00 00 00 00 00   
0110   00 00 00 00 00 00 63 82 53 63 35 01 03 37 0a 01   
0120   79 03 06 0f 77 fc 5f 2c 2e 39 02 05 dc 3d 07 01   
0130   f0 18 98 59 ae 32 32 04 0a 40 02 89 33 04 00 76 
0140   a7 00 0c 0c 4d 61 63 42 6f 6f 6b 2d 50 72 6f 6d   
0150   ff 00 00 00 00 00                                 

0000   f0 18 98 59 ae 32 2c d0 2d 89 e8 20 08 00 45 00   
0010   01 4c 00 00 00 00 ff 11 b6 9d 02 02 02 02 ff ff   
0020   ff ff 00 43 00 44 01 38 53 31 02 01 06 00 8f e9 
0030   dc 12 00 00 00 00 00 00 00 00 00 00 00 00 00 00   
0040   00 00 00 00 00 00 f0 18 98 59 ae 32 00 00 00 00   
0050   00 00 00 00 00 00 00 00 00 00 00 00 00 00 00 00   
0060   00 00 00 00 00 00 00 00 00 00 00 00 00 00 00 00   
0070   00 00 00 00 00 00 00 00 00 00 00 00 00 00 00 00 
0080   00 00 00 00 00 00 00 00 00 00 00 00 00 00 00 00   
0090   00 00 00 00 00 00 00 00 00 00 00 00 00 00 00 00   
00a0   00 00 00 00 00 00 00 00 00 00 00 00 00 00 00 00   
00b0   00 00 00 00 00 00 00 00 00 00 00 00 00 00 00 00   
00c0   00 00 00 00 00 00 00 00 00 00 00 00 00 00 00 00  
00d0   00 00 00 00 00 00 00 00 00 00 00 00 00 00 00 00   
00e0   00 00 00 00 00 00 00 00 00 00 00 00 00 00 00 00  
00f0   00 00 00 00 00 00 00 00 00 00 00 00 00 00 00 00   
0100   00 00 00 00 00 00 00 00 00 00 00 00 00 00 00 00   
0110   00 00 00 00 00 00 63 82 53 63 35 01 06 36 04 02   
0120   02 02 02 00 00 00 00 00 00 00 00 00 00 00 00 00  
0130   00 00 00 00 00 00 00 00 00 00 00 00 00 00 00 00   
0140   00 00 00 00 00 00 00 00 00 00 00 00 00 00 00 00  
0150   00 00 00 00 00 ff 00 00 00 00 6b f1 0b 1d 58 37  
0160   83 bb                                             

0000   ff ff ff ff ff ff f0 18 98 59 ae 32 08 00 45 00   
0010   01 48 e8 74 00 00 ff 11 d2 30 00 00 00 00 ff ff   
0020   ff ff 00 44 00 43 01 34 54 6a 01 01 06 00 8f e9 
0030   dc 13 00 02 00 00 00 00 00 00 00 00 00 00 00 00   
0040   00 00 00 00 00 00 f0 18 98 59 ae 32 00 00 00 00   
0050   00 00 00 00 00 00 00 00 00 00 00 00 00 00 00 00 
0060   00 00 00 00 00 00 00 00 00 00 00 00 00 00 00 00   
0070   00 00 00 00 00 00 00 00 00 00 00 00 00 00 00 00   
0080   00 00 00 00 00 00 00 00 00 00 00 00 00 00 00 00  
0090   00 00 00 00 00 00 00 00 00 00 00 00 00 00 00 00   
00a0   00 00 00 00 00 00 00 00 00 00 00 00 00 00 00 00 
00b0   00 00 00 00 00 00 00 00 00 00 00 00 00 00 00 00   
00c0   00 00 00 00 00 00 00 00 00 00 00 00 00 00 00 00  
00d0   00 00 00 00 00 00 00 00 00 00 00 00 00 00 00 00  
00e0   00 00 00 00 00 00 00 00 00 00 00 00 00 00 00 00
00f0   00 00 00 00 00 00 00 00 00 00 00 00 00 00 00 00   
0100   00 00 00 00 00 00 00 00 00 00 00 00 00 00 00 00  
0110   00 00 00 00 00 00 63 82 53 63 35 01 03 37 0a 01  
0120   79 03 06 0f 77 fc 5f 2c 2e 39 02 05 dc 3d 07 01  
0130   f0 18 98 59 ae 32 32 04 84 e3 7d e3 33 04 00 76   
0140   a7 00 0c 0c 4d 61 63 42 6f 6f 6b 2d 50 72 6f 6d  
0150   ff 00 00 00 00 00                           

0000   f0 18 98 59 ae 32 2c d0 2d 89 e8 20 08 00 45 00   
0010   01 4c 00 00 00 00 ff 11 b3 d6 02 02 02 02 84 e3
0020   7d e3 00 43 00 44 01 38 5f d4 02 01 06 00 8f e9 
0030   dc 13 00 00 00 00 00 00 00 00 84 e3 7d e3 00 00   
0040   00 00 00 00 00 00 f0 18 98 59 ae 32 00 00 00 00   
0050   00 00 00 00 00 00 00 00 00 00 00 00 00 00 00 00   
0060   00 00 00 00 00 00 00 00 00 00 00 00 00 00 00 00   
0070   00 00 00 00 00 00 00 00 00 00 00 00 00 00 00 00   
0080   00 00 00 00 00 00 00 00 00 00 00 00 00 00 00 00   
0090   00 00 00 00 00 00 00 00 00 00 00 00 00 00 00 00 
00a0   00 00 00 00 00 00 00 00 00 00 00 00 00 00 00 00   
00b0   00 00 00 00 00 00 00 00 00 00 00 00 00 00 00 00  
00c0   00 00 00 00 00 00 00 00 00 00 00 00 00 00 00 00  
00d0   00 00 00 00 00 00 00 00 00 00 00 00 00 00 00 00  
00e0   00 00 00 00 00 00 00 00 00 00 00 00 00 00 00 00  
00f0   00 00 00 00 00 00 00 00 00 00 00 00 00 00 00 00  
0100   00 00 00 00 00 00 00 00 00 00 00 00 00 00 00 00   
0110   00 00 00 00 00 00 63 82 53 63 35 01 05 36 04 02  
0120   02 02 02 33 04 00 00 0e 10 03 04 84 e3 7d fe 06 
0130   08 84 e3 3c 1e 84 e3 3c 02 01 04 ff ff fe 00 00   
0140   00 00 00 00 00 00 00 00 00 00 00 00 00 00 00 00   
0150   00 00 00 00 00 ff 00 00 00 00 e2 f8 bb e2 59 f2   
0160   81 aa                                       

0000   ff ff ff ff ff ff f0 18 98 59 ae 32 08 00 45 00   
0010   01 48 e8 79 00 00 ff 11 d2 2b 00 00 00 00 ff ff  
0020   ff ff 00 44 00 43 01 34 54 68 01 01 06 00 8f e9  
0030   dc 17 00 00 00 00 00 00 00 00 00 00 00 00 00 00   
0040   00 00 00 00 00 00 f0 18 98 59 ae 32 00 00 00 00   
0050   00 00 00 00 00 00 00 00 00 00 00 00 00 00 00 00  
0060   00 00 00 00 00 00 00 00 00 00 00 00 00 00 00 00   
0070   00 00 00 00 00 00 00 00 00 00 00 00 00 00 00 00   
0080   00 00 00 00 00 00 00 00 00 00 00 00 00 00 00 00   
0090   00 00 00 00 00 00 00 00 00 00 00 00 00 00 00 00 
00a0   00 00 00 00 00 00 00 00 00 00 00 00 00 00 00 00   
00b0   00 00 00 00 00 00 00 00 00 00 00 00 00 00 00 00   
00c0   00 00 00 00 00 00 00 00 00 00 00 00 00 00 00 00   
00d0   00 00 00 00 00 00 00 00 00 00 00 00 00 00 00 00 
00e0   00 00 00 00 00 00 00 00 00 00 00 00 00 00 00 00   
00f0   00 00 00 00 00 00 00 00 00 00 00 00 00 00 00 00   
0100   00 00 00 00 00 00 00 00 00 00 00 00 00 00 00 00   
0110   00 00 00 00 00 00 63 82 53 63 35 01 03 37 0a 01   
0120   79 03 06 0f 77 fc 5f 2c 2e 39 02 05 dc 3d 07 01 
0130   f0 18 98 59 ae 32 32 04 84 e3 7d e3 33 04 00 76   
0140   a7 00 0c 0c 4d 61 63 42 6f 6f 6b 2d 50 72 6f 6d   
0150   ff 00 00 00 00 00                             

0000   f0 18 98 59 ae 32 2c d0 2d 89 e8 20 08 00 45 00   
0010   01 4c 00 00 00 00 ff 11 b3 d6 02 02 02 02 84 e3   
0020   7d e3 00 43 00 44 01 38 5f d0 02 01 06 00 8f e9 
0030   dc 17 00 00 00 00 00 00 00 00 84 e3 7d e3 00 00   
0040   00 00 00 00 00 00 f0 18 98 59 ae 32 00 00 00 00 
0050   00 00 00 00 00 00 00 00 00 00 00 00 00 00 00 00   
0060   00 00 00 00 00 00 00 00 00 00 00 00 00 00 00 00   
0070   00 00 00 00 00 00 00 00 00 00 00 00 00 00 00 00   
0080   00 00 00 00 00 00 00 00 00 00 00 00 00 00 00 00   
0090   00 00 00 00 00 00 00 00 00 00 00 00 00 00 00 00   
00a0   00 00 00 00 00 00 00 00 00 00 00 00 00 00 00 00 
00b0   00 00 00 00 00 00 00 00 00 00 00 00 00 00 00 00  
00c0   00 00 00 00 00 00 00 00 00 00 00 00 00 00 00 00  
00d0   00 00 00 00 00 00 00 00 00 00 00 00 00 00 00 00  
00e0   00 00 00 00 00 00 00 00 00 00 00 00 00 00 00 00  
00f0   00 00 00 00 00 00 00 00 00 00 00 00 00 00 00 00  
0100   00 00 00 00 00 00 00 00 00 00 00 00 00 00 00 00   
0110   00 00 00 00 00 00 63 82 53 63 35 01 05 36 04 02   
0120   02 02 02 33 04 00 00 0e 10 03 04 84 e3 7d fe 06   
0130   08 84 e3 3c 1e 84 e3 3c 02 01 04 ff ff fe 00 00  
0140   00 00 00 00 00 00 00 00 00 00 00 00 00 00 00 00   
0150   00 00 00 00 00 ff 00 00 00 00 4c 90 b9 1d 65 a4  
0160   d5 cf                                             
