0000 ff ff ff ff ff ff 00 06 25 da af 73 08 00 45 00
0010 02 40 01 08 00 00 96 11 5f fc c0 a8 01 01 ff ff
0020 ff ff 00 43 00 44 02 2c 72 23 02 01 06 00 3e 5e
0030 0c e3 00 00 00 00 00 00 00 00 00 00 00 00 00 00
0040 00 00 00 00 00 00 00 08 74 4f 36 23 00 00 00 00
0050 00 00 00 00 00 00 00 00 00 00 00 00 00 00 00 00
0060 00 00 00 00 00 00 00 00 00 00 00 00 00 00 00 00
0070 00 00 00 00 00 00 00 00 00 00 00 00 00 00 00 00
0080 00 00 00 00 00 00 00 00 00 00 00 00 00 00 00 00
0090 00 00 00 00 00 00 00 00 00 00 00 00 00 00 00 00
00a0 00 00 00 00 00 00 00 00 00 00 00 00 00 00 00 00
00b0 00 00 00 00 00 00 00 00 00 00 00 00 00 00 00 00
00c0 00 00 00 00 00 00 00 00 00 00 00 00 00 00 00 00
00d0 00 00 00 00 00 00 00 00 00 00 00 00 00 00 00 00
00e0 00 00 00 00 00 00 00 00 00 00 00 00 00 00 00 00
00f0 00 00 00 00 00 00 00 00 00 00 00 00 00 00 00 00
0100 00 00 00 00 00 00 00 00 00 00 00 00 00 00 00 00
0110 00 00 00 00 00 00 63 82 53 63 35 01 02 01 04 ff
0120 ff ff 00 03 04 c0 a8 01 01 06 08 3f f0 4c 13 cc
0130 7f c6 13 0f 16 6e 65 32 2e 63 6c 69 65 6e 74 32
0140 2e 61 74 74 62 69 2e 63 6f 6d 00 33 04 00 01 51
0150 80 36 04 c0 a8 01 01 ff 00 00 00 00 00 00 00 00
0160 00 00 00 00 00 00 00 00 00 00 00 00 00 00 00 00
0170 00 00 00 00 00 00 00 00 00 00 00 00 00 00 00 00
0180 00 00 00 00 00 00 00 00 00 00 00 00 00 00 00 00
0190 00 00 00 00 00 00 00 00 00 00 00 00 00 00 00 00
01a0 00 00 00 00 00 00 00 00 00 00 00 00 00 00 00 00
01b0 00 00 00 00 00 00 00 00 00 00 00 00 00 00 00 00
01c0 00 00 00 00 00 00 00 00 00 00 00 00 00 00 00 00
01d0 00 00 00 00 00 00 00 00 00 00 00 00 00 00 00 00
01e0 00 00 00 00 00 00 00 00 00 00 00 00 00 00 00 00
01f0 00 00 00 00 00 00 00 00 00 00 00 00 00 00 00 00
0200 00 00 00 00 00 00 00 00 00 00 00 00 00 00 00 00
0210 00 00 00 00 00 00 00 00 00 00 00 00 00 00 00 00
0220 00 00 00 00 00 00 00 00 00 00 00 00 00 00 00 00
0230 00 00 00 00 00 00 00 00 00 00 00 00 00 00 00 00
0240 00 00 00 00 00 00 00 00 00 00 00 00 00 00